0,959
0,958
0,957
0,956
0,955
0,954
0,953
0,952
0,951
0,950
0,949
0,948
0,947
0,946
0,945
0,944
0,943
0,942
0,941
0,940
0,939
0,938
0,937
0,936
0,935
0,934
0,933
0,932
0,931
0,930
0,929
0,928
0,927
0,926
0,925
0,924
0,923
0,922
0,921
0,920
0,919
0,918
0,917
0,916
0,915
0,914
0,913
0,912
0,911
0,910
0,909
0,908
0,907
0,906
0,905
0,904
0,903
0,902
0,901
0,900
0,899
0,898
0,897
0,896
0,895
0,894
0,893
0,892
0,891
0,890
0,889
0,888
0,887
0,886
0,885
0,884
0,883
0,882
0,881
0,880
0,879
0,878
0,877
0,876
0,875
0,874
0,873
0,872
0,871
0,870
0,869
0,868
0,867
0,866
0,865
0,864
0,863
0,862
0,861
0,860
0,859
0,467
26,5
0,408
0,322
0,1
0,0
26,3
0,423
0,9
0,310
0,305
0,308
0,304
0,303
0,302
0,307
0,12
0,422
0,10
0,8
0,421
0,300
0,420
0,299
0,448
0,298
0,419
0,297
0,501
0,296
0,417
0,295
0,416
0,294
0,415
0,293
0,414
0,292
0,500
0,291
0,499
0,290
0,412
0,289
0,411
0,288
0,410
0,287
0,409
0,286
0,498
0,285
0,407
0,284
0,406
0,283
0,405
0,282
0,404
0,281
0,497
0,280
0,403
0,279
0,402
0,278
0,401
0,277
0,400
0,276
0,399
0,275
0,960
0,961
0,963
0,964
0,966
0,967
0,969
0,971
0,972
0,974
0,975
0,977
0,979
0,980
0,982
0,983
0,985
0,986
0,988
0,990
0,991
0,993
1,2
2,2
2,4
2,5
2,7
2,8
3,3
3,4
3,6
5,3
6,3
8,3
9,3
11,3
13,3
14,3
16,3
17,3
19,3
20,3
21,2
21,4
22,3
23,3
23,4
25,3
27,3
28,3
30,3
31,3
31,7
33,3
34,0
34,2
34,3
34,6
35,3
37,3
39,3
39,4
39,6
39,7
39,9
40,3
40,4
40,6
40,7
40,9
40,10
41,3
41,6
42,3
43,4
43,5
45,3
47,3
48,3
50,3
51,3
52,3
53,3
55,3
57,3
58,3
60,3
61,3
63,3
65,3
66,3
68,3
69,3
70,10
70,14
70,22
70,27
70,33
70,36
70,39
70,53
70,57
70,59
70,62
70,64
70,71
70,76
70,81
70,84
70,85
70,87
70,88
70,91
70,192
70,193
70,195
70,196
70,198
70,200
70,201
70,203
70,204
70,206
70,207
70,209
70,211
70,212
70,214
70,215
70,217
70,219
70,220
70,222
70,223
70,225
70,226
70,228
70,230
70,231
70,233
70,234
70,236
70,238
70,239
70,241
70,242
70,244
70,246
70,247
70,249
70,250
70,252
70,253
70,255
70,328
70,329
70,384
70,385
70,387
70,389
70,390
70,392
70,393
70,395
70,396
70,398
70,400
70,401
70,403
70,404
70,406
70,408
70,409
70,411
70,412
70,414
70,415
70,417
70,419
70,420
70,422
70,423
70,425
70,427
70,428
70,430
70,431
70,433
70,435
70,436
70,438
70,439
70,441
70,442
70,444
70,446
70,447
70,641
70,642
70,644
70,646
70,647
70,649
70,650
70,652
70,653
70,655
70,657
70,658
70,660
70,661
70,663
70,665
70,666
70,668
70,669
70,671
70,672
70,674
70,676
70,677
70,679
70,680
70,682
70,684
70,685
70,687
70,688
70,690
70,691
70,693
70,695
70,696
70,698
70,699
70,701
70,703
70,896
70,898
70,899
70,901
70,903
70,904
70,906
70,907
70,909
70,910
70,912
70,914
70,915
70,917
70,918
70,920
70,922
70,923
70,925
70,926
70,928
70,929
70,931
70,933
70,934
70,936
70,937
70,939
70,941
70,942
70,944
70,945
70,947
70,948
70,950
70,952
70,953
70,955
70,956
70,958
70,960
70,961
70,963
70,964
70,966
70,968
70,969
70,971
70,972
70,974
70,975
70,977
70,979
70,980
70,982
70,983
70,985
70,987
70,988
70,990
70,991
70,993
70,994
70,996
70,998
70,999
70,1001
70,1002
70,1004
70,1006
70,1007
70,1009
70,1010
70,1012
70,1013
70,1015
70,1017
70,1018
70,1020
70,1021
70,1023
70,1121
70,1122
70,1124
70,1125
70,1127
70,1129
70,1130
70,1132
70,1133
70,1135
70,1136
70,1138
70,1140
70,1141
70,1143
70,1144
70,1146
70,1148
70,1149
70,1151
70,1152
70,1154
70,1155
70,1157
70,1159
70,1160
70,1162
70,1163
70,1165
70,1167
70,1168
70,1170
70,1171
70,1173
70,1174
70,1176
70,1178
70,1179
70,1181
70,1182
70,1184
70,1186
70,1187
70,1189
70,1190
70,1192
70,1193
70,1195
70,1197
70,1198
70,1200
70,1201
70,1203
70,1205
70,1206
70,1208
70,1209
70,1211
70,1213
70,1214
70,1304
70,1305
70,1307
70,1308
70,1310
70,1312
70,1313
70,1315
70,1316
70,1318
70,1320
70,1321
70,1323
70,1324
70,1326
70,1327
70,1329
70,1331
70,1332
70,1334
70,1335
70,1337
70,1339
70,1340
70,1342
70,1343
70,1411
70,1412
70,1414
70,1416
70,1417
70,1419
70,1420
70,1422
70,1424
70,1425
70,1427
70,1428
70,1430
70,1432
70,1433
70,1435
70,1436
70,1438
70,1439
70,1441
70,1443
70,1444
70,1446
70,1447
70,1449
70,1451
70,1452
70,1454
70,1455
70,1457
70,1458
70,1460
70,1462
70,1463
70,1465
70,1466
70,1468
70,1470
70,1471
70,1473
70,1474
70,1476
70,1477
70,1479
70,1481
70,1482
70,1484
70,1485
70,1487
70,1489
70,1490
70,1492
70,1493
70,1495
70,1496
70,1498
70,1500
70,1501
70,1503
70,1504
70,1506
70,1508
70,1509
70,1511
70,1512
70,1514
70,1516
70,1517
70,1519
70,1520
70,1522
70,1523
70,1525
70,1527
70,1528
70,1530
70,1531
70,1533
70,1535
70,1536
70,1538
70,1539
70,1541
70,1542
70,1544
70,1546
70,1547
70,1549
70,1550
70,1552
70,1554
70,1555
70,1557
70,1558
70,1560
70,1561
70,1563
70,1565
70,1566
70,1568
70,1569
70,1571
70,1573
70,1574
70,1576
70,1577
70,1579
70,1581
70,1582
70,1584
70,1585
70,1587
70,1588
70,1590
70,1592
70,1593
70,1595
70,1596
70,1598
70,1600
70,1601
70,1603
70,1604
70,1606
70,1607
70,1609
70,1611
70,1612
70,1614
70,1615
70,1617
70,1619
70,1620
70,1622
70,1623
70,1625
70,1626
70,1628
70,1630
70,1631
70,1633
70,1634
70,1636
70,1638
70,1639
70,1641
70,1642
70,1644
70,1645
70,1647
70,1649
70,1650
70,1652
70,1653
70,1655
70,1657
70,1658
70,1660
70,1661
70,1663
70,1665
70,1666
70,1668
70,1669
70,1671
70,1672
70,1674
70,1676
70,1677
70,1679
70,1680
70,1682
70,1684
70,1685
70,1687
70,1688
70,1690
70,1691
70,1693
70,1695
70,1696
70,1698
70,1699
70,1701
70,1703
70,1704
70,1706
70,1707
70,1709
70,1710
70,1712
70,1714
70,1715
70,1717
70,1718
70,1720
70,1722
70,1723
70,1725
70,1726
70,1728
70,1730
70,1731
70,1733
70,1734
70,1736
70,1737
70,1739
70,1741
70,1742
70,1744
70,1745
70,1747
70,1749
70,1750
70,1752
70,1753
70,1755
70,1756
70,1758
70,1760
70,1761
70,1763
70,1764
70,1766
70,1768
70,1769
70,1771
70,1772
70,1774
70,1775
70,1777
70,1779
70,1780
70,1782
70,1783
70,1785
70,1787
70,1788
70,1790
70,1791
70,1793
70,1795
70,1796
70,1798
70,1799
70,1801
70,1802
70,1804
70,1806
70,1807
70,1809
70,1810
70,1812
70,1814
70,1815
70,1817
70,1818
70,1820
70,1821
70,1823
70,1825
70,1826
70,1828
70,1829
70,1831
70,1833
70,1834
70,1836
70,1837
70,1839
70,1840
70,1842
70,1844
70,1845
70,1847
70,1848
70,1850
70,1852
70,1853
70,1855
70,1856
70,1858
70,1859
70,1861
70,1863
70,1864
70,1866
70,1867
70,1869
70,1871
70,1872
70,1874
70,1875
70,1877
70,1879
70,1880
70,1882
70,1883
70,1885
70,1886
70,1888
70,1890
70,1891
70,1893
70,1894
70,1896
70,1898
70,1899
70,1901
70,1902
70,1904
70,1905
70,1907
70,1909
70,1910
70,1912
70,1913
70,1915
70,1917
70,1918
70,1920
70,1921
70,1923
70,1924
70,1926
70,1928
70,1929
70,1931
70,1932
70,1934
70,1936
70,1937
70,1939
70,1940
70,1942
70,1944
70,1945
70,1947
70,1948
70,1950
70,1951
70,1953
70,1955
70,1956
70,1958
70,1959
70,1961
70,1963
70,1964
70,1966
70,1967
70,1969
70,1970
70,1972
70,1974
70,1975
70,1977
70,1978
70,1980
70,1982
70,1983
70,1985
70,1986
70,1988
70,1989
70,1991
70,1993
70,1994
70,1996
70,1997
70,1999
70,2001
70,2002
70,2004
70,2005
70,2007
70,2008
70,2010
70,2012
70,2013
70,2015
70,2016
70,2018
70,2020
70,2021
70,2023
70,2024
70,2026
70,2028
70,2029
70,2031
70,2032
70,2034
70,2035
70,2037
70,2039
70,2040
70,2042
70,2043
70,2045
70,2047
70,2048
70,2050
70,2051
70,2053
70,2054
70,2056
70,2058
70,2059
70,2061
70,2062
70,2064
70,2066
70,2067
70,2069
70,2070
70,2072
70,2073
70,2075
70,2077
70,2078
70,2080
70,2081
70,2083
70,2085
70,2086
70,2088
70,2089
70,2091
70,2093
70,2094
70,2096
70,2097
70,2099
70,2100
70,2102
70,2104
70,2105
70,2107
70,2108
70,2110
70,2112
70,2113
70,2115
70,2116
70,2118
70,2119
70,2121
70,2123
70,2124
70,2126
70,2127
70,2129
70,2131
70,2132
70,2134
70,2135
70,2137
70,2138
70,2140
70,2176
70,2177
70,2179
70,2180
70,2182
70,2184
70,2185
70,2187
70,2188
70,2190
70,2191
70,2193
70,2195
70,2196
70,2198
70,2199
70,2201
70,2203
70,2204
70,2206
70,2207
70,2209
70,2211
70,2212
70,2214
70,2215
70,2217
70,2218
70,2220
70,2222
70,2223
70,2225
70,2226
70,2228
70,2230
70,2231
70,2233
70,2234
70,2236
70,2237
70,2239
70,2241
70,2242
70,2244
70,2245
70,2247
70,2249
70,2250
70,2252
70,2253
70,2255
70,2256
70,2258
70,2260
70,2261
70,2263
70,2264
70,2266
70,2268
70,2269
70,2271
70,2272
70,2274
70,2276
70,2277
70,2279
70,2280
70,2282
70,2283
70,2285
70,2287
70,2288
70,2290
70,2291
70,2293
70,2295
70,2296
70,2298
70,2299
70,2301
70,2302
70,2304
70,2369
70,2370
70,2372
70,2373
70,2375
70,2377
70,2378
70,2380
70,2381
70,2383
70,2384
70,2386
70,2388
70,2389
70,2391
70,2392
70,2394
70,2396
70,2397
70,2399
70,2400
70,2402
70,2404
70,2405
70,2407
70,2408
70,2410
70,2411
70,2413
70,2415
70,2416
70,2418
70,2419
70,2421
70,2423
70,2424
70,2426
70,2427
70,2429
70,2430
70,2432
70,2434
70,2435
70,2437
70,2438
70,2440
70,2442
70,2443
70,2445
70,2446
70,2448
70,2449
70,2451
70,2453
70,2454
70,2456
70,2457
70,2459
70,2461
70,2462
70,2464
70,2465
70,2467
70,2468
70,2470
70,2472
70,2473
70,2475
70,2476
70,2497
70,2499
70,2500
70,2502
70,2503
70,2505
70,2507
70,2508
70,2510
70,2511
70,2513
70,2514
70,2516
70,2518
70,2519
70,2521
70,2522
70,2524
70,2526
70,2527
70,2529
70,2530
70,2532
70,2533
70,2535
70,2537
70,2538
70,2540
70,2541
70,2543
70,2545
70,2546
70,2548
70,2549
70,2551
70,2552
70,2554
70,2556
70,2557
70,2559
70,2560
70,2562
70,2564
70,2565
70,2567
70,2568
70,2570
70,2572
70,2573
70,2575
70,2576
70,2578
70,2579
70,2581
70,2583
70,2584
70,2586
70,2624
70,2626
70,2628
70,2629
70,2631
70,2632
70,2634
70,2635
70,2637
70,2639
70,2640
70,2642
70,2643
70,2645
70,2647
70,2648
70,2650
70,2651
70,2653
70,2654
70,2656
70,2658
70,2659
70,2661
70,2662
70,2664
70,2666
70,2667
70,2669
70,2670
70,2672
70,2673
70,2675
70,2677
70,2678
70,2680
70,2681
70,2683
70,2685
70,2686
70,2688
70,2689
70,2691
70,2693
70,2694
70,2696
70,2697
70,2699
70,2700
70,2702
70,2704
70,2705
70,2707
70,2708
70,2710
70,2712
70,2713
71,0
71,1
71,3
71,4
30,5
35,5
25,4
54,4
17,4
34,5
29,4
29,5
35,4
17,5
18,4
30,4
71,5
71,2
70,2752
70,2711
70,2709
70,2706
70,2703
70,2701
70,2698
70,2695
70,2692
70,2690
70,2687
70,2684
70,2682
70,2679
70,2676
70,2674
70,2671
70,2668
70,2665
70,2663
70,2660
70,2657
70,2655
70,2652
70,2649
70,2646
70,2644
70,2641
70,2638
70,2636
70,2633
70,2630
70,2627
70,2625
70,2585
70,2582
70,2580
70,2577
70,2574
70,2571
70,2569
70,2566
70,2563
70,2561
70,2558
70,2555
70,2553
70,2550
70,2547
70,2544
70,2542
70,2539
70,2536
70,2534
70,2531
70,2528
70,2525
70,2523
70,2520
70,2517
70,2515
70,2512
70,2509
70,2506
70,2504
70,2501
70,2498
70,2496
70,2474
70,2471
70,2469
70,2466
70,2463
70,2460
70,2458
70,2455
70,2452
70,2450
70,2447
70,2444
70,2441
70,2439
70,2436
70,2433
70,2431
70,2428
70,2425
70,2422
70,2420
70,2417
70,2414
70,2412
70,2409
70,2406
70,2403
70,2401
70,2398
70,2395
70,2393
70,2390
70,2387
70,2385
70,2382
70,2379
70,2376
70,2374
70,2371
70,2368
70,2303
70,2300
70,2297
70,2294
70,2292
70,2289
70,2286
70,2284
70,2281
70,2278
70,2275
70,2273
70,2270
70,2267
70,2265
70,2262
70,2259
70,2257
70,2254
70,2251
70,2248
70,2246
70,2243
70,2240
70,2238
70,2235
70,2232
70,2229
70,2227
70,2224
70,2221
70,2219
70,2216
70,2213
70,2210
70,2208
70,2205
70,2202
70,2200
70,2197
70,2194
70,2192
70,2189
70,2186
70,2183
70,2181
70,2178
70,2141
70,2139
70,2136
70,2133
70,2130
70,2128
70,2125
70,2122
70,2120
70,2117
70,2114
70,2111
70,2109
70,2106
70,2103
70,2101
70,2098
70,2095
70,2092
70,2090
70,2087
70,2084
70,2082
70,2079
70,2076
70,2074
70,2071
70,2068
70,2065
70,2063
70,2060
70,2057
70,2055
70,2052
70,2049
70,2046
70,2044
70,2041
70,2038
70,2036
70,2033
70,2030
70,2027
70,2025
70,2022
70,2019
70,2017
70,2014
70,2011
70,2009
70,2006
70,2003
70,2000
70,1998
70,1995
70,1992
70,1990
70,1987
70,1984
70,1981
70,1979
70,1976
70,1973
70,1971
70,1968
70,1965
70,1962
70,1960
70,1957
70,1954
70,1952
70,1949
70,1946
70,1943
70,1941
70,1938
70,1935
70,1933
70,1930
70,1927
70,1925
70,1922
70,1919
70,1916
70,1914
70,1911
70,1908
70,1906
70,1903
70,1900
70,1897
70,1895
70,1892
70,1889
70,1887
70,1884
70,1881
70,1878
70,1876
70,1873
70,1870
70,1868
70,1865
70,1862
70,1860
70,1857
70,1854
70,1851
70,1849
70,1846
70,1843
70,1841
70,1838
70,1835
70,1832
70,1830
70,1827
70,1824
70,1822
70,1819
70,1816
70,1813
70,1811
70,1808
70,1805
70,1803
70,1800
70,1797
70,1794
70,1792
70,1789
70,1786
70,1784
70,1781
70,1778
70,1776
70,1773
70,1770
70,1767
70,1765
70,1762
70,1759
70,1757
70,1754
70,1751
70,1748
70,1746
70,1743
70,1740
70,1738
70,1735
70,1732
70,1729
70,1727
70,1724
70,1721
70,1719
70,1716
70,1713
70,1711
70,1708
70,1705
70,1702
70,1700
70,1697
70,1694
70,1692
70,1689
70,1686
70,1683
70,1681
70,1678
70,1675
70,1673
70,1670
70,1667
70,1664
70,1662
70,1659
70,1656
70,1654
70,1651
70,1648
70,1646
70,1643
70,1640
70,1637
70,1635
70,1632
70,1629
70,1627
70,1624
70,1621
70,1618
70,1616
70,1613
70,1610
70,1608
70,1605
70,1602
70,1599
70,1597
70,1594
70,1591
70,1589
70,1586
70,1583
70,1580
70,1578
70,1575
70,1572
70,1570
70,1567
70,1564
70,1562
70,1559
70,1556
70,1553
70,1551
70,1548
70,1545
70,1543
70,1540
70,1537
70,1534
70,1532
70,1529
70,1526
70,1524
70,1521
70,1518
70,1515
70,1513
70,1510
70,1507
70,1505
70,1502
70,1499
70,1497
70,1494
70,1491
70,1488
70,1486
70,1483
70,1480
70,1478
70,1475
70,1472
70,1469
70,1467
70,1464
70,1461
70,1459
70,1456
70,1453
70,1450
70,1448
70,1445
70,1442
70,1440
70,1437
70,1434
70,1431
70,1429
70,1426
70,1423
70,1421
70,1418
70,1415
70,1413
70,1410
70,1341
70,1338
70,1336
70,1333
70,1330
70,1328
70,1325
70,1322
70,1319
70,1317
70,1314
70,1311
70,1309
70,1306
70,1215
70,1212
70,1210
70,1207
70,1204
70,1202
70,1199
70,1196
70,1194
70,1191
70,1188
70,1185
70,1183
70,1180
70,1177
70,1175
70,1172
70,1169
70,1166
70,1164
70,1161
70,1158
70,1156
70,1153
70,1150
70,1147
70,1145
70,1142
70,1139
70,1137
70,1134
70,1131
70,1128
70,1126
70,1123
70,1120
70,1022
70,1019
70,1016
70,1014
70,1011
70,1008
70,1005
70,1003
70,1000
70,997
70,995
70,992
70,989
70,986
70,984
70,981
70,978
70,976
70,973
70,970
70,967
70,965
70,962
70,959
70,957
70,954
70,951
70,949
70,946
70,943
70,940
70,938
70,935
70,932
70,930
70,927
70,924
70,921
70,919
70,916
70,913
70,911
70,908
70,905
70,902
70,900
70,897
70,702
70,700
70,697
70,694
70,692
70,689
70,686
70,683
70,681
70,678
70,675
70,673
70,670
70,667
70,664
70,662
70,659
70,656
70,654
70,651
70,648
70,645
70,643
70,640
70,445
70,443
70,440
70,437
70,434
70,432
70,429
70,426
70,424
70,421
70,418
70,416
70,413
70,410
70,407
70,405
70,402
70,399
70,397
70,394
70,391
70,388
70,386
70,330
70,327
70,254
70,251
70,248
70,245
70,243
70,240
70,237
70,235
70,232
70,229
70,227
70,224
70,221
70,218
70,216
70,213
70,210
70,208
70,205
70,202
70,199
70,197
70,194
70,93
70,89
70,86
70,83
70,74
70,65
70,60
70,55
70,42
70,35
70,23
70,11
70,3
67,3
64,3
62,3
59,3
56,3
54,3
52,2
49,3
46,3
44,3
43,3
41,4
40,11
40,8
40,5
39,10
39,8
39,5
38,3
36,3
34,4
34,1
32,3
31,6
29,3
26,4
24,3
22,4
21,3
20,4
18,3
15,3
12,3
10,3
7,3
4,3
3,5
3,2
2,6
2,3
1,3
0,992
0,989
0,987
0,984
0,981
0,978
0,976
0,973
0,970
0,968
0,965
0,962
0,398
0,274
0,397
0,273
0,476
0,272
0,396
0,271
0,395
0,270
0,394
0,269
0,393
0,268
0,475
0,267
0,392
0,266
0,391
0,265
0,390
0,264
0,389
0,263
0,474
0,262
0,496
0,261
0,387
0,260
0,386
0,259
0,385
0,258
